1.11272901532
1.1142595495
1.11579397909
1.11743897788
1.118683693
1.11900138663
1.1179799705
1.11605468806
1.11404055932
1.11275439571
1.11218795583
1.11016208928
1.1036484474
1.0918638616
1.07702331768
1.0629663413
1.05379870745
1.04865393036
1.04413469917
1.03971881817
1.03398708397
1.02607729807
1.01757937334
1.00995309789
1.00322606667
0.996174570167
0.988572054937
0.981249837834
0.973474242164
0.964626470296
0.955805294326
0.948967298766
0.943825769376
0.937931001524
0.93158665767
0.926135637113
0.921691060788
0.917571317782
0.912498130847
0.907225394229
0.902669358278
0.897635134473
0.892921292713
0.89044609985
0.889262474413
0.887785367573
0.885996483552
0.884283501036
0.882735915963
0.881504346124
0.881038634748
0.881323982657
0.881910584325
0.883130590795
0.885663282029
0.888939424305
0.89152870723
0.893572109071
0.897241082576
0.903355818465
0.909354441012
0.914293744897
0.919693694169
0.925201761353
0.929953666582
0.933670226349
0.937479327474
0.942456194836
0.948435518374
0.95659611239
0.965629738555
0.973076639922
0.979862205949
0.987763108142
0.996294814712
1.00480854204
1.01337382419
1.02165487691
1.02848735309
1.03400993735
1.03987939272
1.0474079261
1.05554171881
1.06345230112
1.0720163035
1.08052075382
1.08628377272
1.08982255175
1.09467752527
1.10232200075
1.11037525871
1.11622248767
1.12002876841
1.12291045069
1.12533404986
1.12721500981
1.12819535532
1.12831744625
1.12812592204
1.12818002673
1.12843422583
1.12668512604
1.11873343332
1.10384261824
