0.668605624527
0.667634853832
0.666873664345
0.66643184523
0.665976496316
0.665163329924
0.663714349765
0.661841494361
0.659976292462
0.658551308623
0.657463014192
0.655656044734
0.651478841161
0.64467463896
0.637075670681
0.630543678864
0.625713211769
0.621943304187
0.618333260886
0.614707211179
0.610627737757
0.605859038938
0.600686742148
0.595860485551
0.592210468553
0.589369625514
0.586430419519
0.582795887271
0.578153518319
0.573123512408
0.568179009774
0.563232227508
0.558779202813
0.555553479017
0.553082258102
0.550332518751
0.547573970978
0.545478063109
0.543384740779
0.540689774678
0.537444284775
0.534015133893
0.53152388335
0.530584897815
0.530096062345
0.528781626311
0.526876020391
0.525313725479
0.524479353072
0.523848041426
0.5230573656
0.522578971879
0.52249434946
0.522469074247
0.522754264941
0.523567032309
0.524683038025
0.525536065201
0.526126097526
0.527374644151
0.528515231622
0.529282226762
0.530909891575
0.532815712598
0.53398820803
0.534034388172
0.534364715057
0.536052652147
0.538397632718
0.54178528056
0.545064476544
0.547230293925
0.549348385125
0.551989491055
0.554968984637
0.557985206772
0.561086657832
0.564129253453
0.566599633759
0.568673288114
0.571137738747
0.574246878668
0.577468391229
0.580395345734
0.583421182504
0.587165288527
0.591051199804
0.594343673941
0.59753424455
0.601383201132
0.605371747926
0.608417244216
0.610380257799
0.612150572228
0.61393976334
0.615298067241
0.616249103944
0.616956405922
0.617478345754
0.618100753462
0.619057191371
0.619265871318
0.616504416886
0.610288856882
