1.39627867797
1.39559450974
1.39514140796
1.39510783853
1.39479971617
1.39350025332
1.39064446061
1.38678923188
1.38299429237
1.38032173918
1.37870561403
1.37549994292
1.36687433949
1.35180790505
1.33288323948
1.31431179449
1.30048480833
1.29096268386
1.28331293873
1.27706075562
1.26881808216
1.25721642045
1.24498411664
1.23448736845
1.22620502892
1.21823852488
1.20912131818
1.19914787476
1.18811382763
1.17654737879
1.16569613774
1.15629358012
1.14794104956
1.13928006223
1.13077261622
1.12309206893
1.11625395163
1.10991203755
1.10262520115
1.09558682714
1.08988682186
1.08318016168
1.07595571973
1.07077448599
1.0672016212
1.06344092069
1.0587732248
1.05475605306
1.05277054682
1.05105042984
1.04831333343
1.04556691585
1.04391330194
1.04377597012
1.0451935863
1.04726249881
1.04907149028
1.05034552422
1.05218171867
1.05653252874
1.0613326774
1.0650671936
1.06968931533
1.07442444765
1.07761449881
1.07925050901
1.08186443197
1.08619688209
1.09097833606
1.09857890045
1.10675134809
1.11204535748
1.11746888594
1.12494486691
1.13273410202
1.1405915131
1.14907083685
1.15755879644
1.16476933985
1.17109727208
1.17811458103
1.18659964115
1.19527797687
1.20339656484
1.21241790305
1.22242346404
1.23040327804
1.23548244164
1.24133999398
1.25041217244
1.26055227598
1.26857397328
1.27403164136
1.27822373342
1.28199668899
1.28528588131
1.2876753208
1.28901163901
1.28986255231
1.29105695391
1.29269296485
1.29219505446
1.28435558775
1.26843234053
