-0.471490464692
-0.472163819918
-0.473141260537
-0.474468753917
-0.475697223019
-0.476364856545
-0.476100011786
-0.475197448282
-0.474250609032
-0.473854345921
-0.474158954145
-0.474084798144
-0.472430479668
-0.468515639155
-0.462784478343
-0.456528408952
-0.451232423729
-0.447577489077
-0.444627702134
-0.441671615554
-0.438992922313
-0.436313112555
-0.43300098999
-0.429118341329
-0.425247829435
-0.422252035469
-0.420062612054
-0.417787320513
-0.414914372879
-0.411840293565
-0.408664726907
-0.405356153137
-0.402228419522
-0.399606613654
-0.397375570265
-0.394967633475
-0.392420251796
-0.390407635846
-0.388763576349
-0.38745256004
-0.386526196826
-0.385783207969
-0.385232535834
-0.384946222098
-0.38451710874
-0.383787001775
-0.382921338895
-0.382052459082
-0.381235687182
-0.380405485411
-0.379647392813
-0.379393251068
-0.379890882475
-0.380560027906
-0.380923807453
-0.381415386911
-0.382361502859
-0.383381239123
-0.384600222599
-0.386577248033
-0.388975298558
-0.391064429183
-0.392768268051
-0.394381241941
-0.396251965596
-0.398373967468
-0.400747546431
-0.403895950692
-0.407487024086
-0.410711242144
-0.413056502506
-0.414616109381
-0.416578737962
-0.419616037816
-0.422855390543
-0.426072746645
-0.429349975007
-0.432141803162
-0.434692949837
-0.437728058115
-0.441214825644
-0.4449505221
-0.449059108556
-0.453417680081
-0.45743791333
-0.460734132846
-0.463540664259
-0.466396439323
-0.469619720092
-0.472991748511
-0.475919295597
-0.478566571346
-0.481518810824
-0.484708586597
-0.487361061476
-0.48936463147
-0.491757799891
-0.495125191971
-0.498708214043
-0.501377400713
-0.502989828366
-0.504144413515
-0.505279549216
-0.506258094826
-0.506647151297
-0.506438994197
-0.505938350896
-0.505368625783
-0.504858223436
-0.504543135225
-0.504221084907
-0.502806576527
-0.498524636139
-0.490621475658
