1.40091047023
1.40857649312
1.41597314056
1.42266026337
1.42758444793
1.42967650537
1.42805470877
1.42322279264
1.41630545934
1.40843034032
1.39963825126
1.38978462625
1.37818708474
1.36487315311
1.35015841926
1.33437598806
1.31785451784
1.30052044868
1.28244037863
1.26418487726
1.24626667796
1.22867132577
1.21118906762
1.19372103858
1.17621126118
1.15869385551
1.14128751101
1.1243006833
1.1081146121
1.09278975924
1.07826896239
1.06438124782
1.05089513243
1.0379775059
1.02584519708
1.0144341792
1.003794138
0.994060463789
0.985143032014
0.977033639402
0.969959457138
0.963818679864
0.958475429055
0.9541071527
0.950639641331
0.947928672034
0.945976062956
0.944717285048
0.944384289549
0.945283309416
0.947201962999
0.949868031613
0.95313735945
0.956702067874
0.96062348836
0.965416982994
0.971240493232
0.97804906117
0.985994735322
0.994787204615
1.0041826216
1.01430233641
1.02504192846
1.03639717846
1.04850236756
1.06159427926
1.07555004825
1.0898750063
1.10451271841
1.11971657582
1.13555196129
1.15175502497
1.16844630869
1.18587503705
1.20368764579
1.22151366033
1.23922485666
1.25695205417
1.27463948132
1.29211985739
1.30961795245
1.32727405748
1.34473715191
1.36183731721
1.37875489791
1.39541766388
1.4113603623
1.42645816457
1.44089120743
1.45446208456
1.46658952831
1.47712941062
1.48631599054
1.4940737747
1.49989122902
1.50321155559
1.50353327749
1.50060451138
1.49469643284
1.48655885482
1.47723884843
1.46697656399
1.45510444575
1.44291256045
