0.947903219773
0.949458732262
0.950874828328
0.952278722622
0.953224166803
0.953250161068
0.952004373888
0.949937600171
0.947860598476
0.946585825303
0.946249559815
0.944649687551
0.938657045932
0.927472384587
0.912564958267
0.897342150767
0.88697792571
0.881772392284
0.879018497952
0.877322862525
0.872868660097
0.864767473997
0.85612045164
0.848960289527
0.843097351628
0.836573381164
0.828747070267
0.820952285799
0.812880738529
0.804430639992
0.796853132426
0.791504292071
0.787648455224
0.782020333675
0.775144264187
0.769385368526
0.765088630979
0.761054118704
0.756221235712
0.75236875063
0.75125125674
0.750311895112
0.747739761898
0.744592839754
0.741523964752
0.739332957184
0.738050058306
0.737163485597
0.737309345964
0.738465441758
0.739695040249
0.740060096764
0.740018438039
0.74089083594
0.742601016998
0.743912526492
0.744812641495
0.747213015179
0.752671644841
0.759705026192
0.765338212944
0.769597705085
0.774011191686
0.778252854737
0.781618476704
0.784144521649
0.786839983341
0.79026378147
0.79425621016
0.799878111235
0.805657696495
0.81025607731
0.816395308789
0.824263125993
0.8310195716
0.837126713209
0.843534090565
0.849737485963
0.854843279433
0.85932522715
0.864520395579
0.87175182459
0.879815721418
0.88746076244
0.895497541902
0.902843746758
0.906592059924
0.908804996975
0.914358176121
0.922919287352
0.930374378055
0.935188716295
0.938845073182
0.942079432192
0.944935265429
0.947108591405
0.948229920609
0.948573257516
0.948892156327
0.949783662739
0.951030673394
0.950357609454
0.943587068878
0.929615861312
