0.365875927736
0.36991356241
0.375548167398
0.38265458095
0.390760479744
0.399384610254
0.408097972226
0.41685774974
0.425794215839
0.435038460021
0.445848318512
0.456845634518
0.467936563426
0.47969072588
0.491956145836
0.504109646374
0.515649410107
0.527405159069
0.54066718546
0.556063988617
0.57350298278
0.592915412307
0.614171973475
0.635952176218
0.657343084134
0.678876630006
0.701324080582
0.724840504723
0.749385502124
0.775441337946
0.802849007569
0.829451210722
0.853538625704
0.876663830218
0.900011379946
0.921844524634
0.941384693577
0.961541597376
0.984809018199
1.00851029555
1.02886766247
1.04675271385
1.06591635016
1.08721705175
1.10961631087
1.13162355462
1.1526601258
1.174994392
1.19829469781
1.21729284131
1.23050852809
1.24125595057
1.24989406293
1.25653879654
1.26613459913
1.2803315122
1.29690068478
1.31497059086
1.33090769603
1.34400746161
1.35789154747
1.37211141156
1.38218640921
1.38573901764
1.38323786822
1.3758567181
1.36464597419
1.35058036657
1.33385382686
1.31594806479
1.30026860943
1.28792809258
1.27681634852
1.26506280476
1.25319874103
1.243008406
1.23497271365
1.22642131103
1.21516129386
1.20317787466
1.19180961855
1.17986423889
1.16617475807
1.15117999339
1.13579030118
1.11980830559
1.10260753611
1.08461719247
1.06755506196
1.05288074456
1.0407133527
1.02958142885
1.01831631869
1.0068074693
0.996083788416
0.987817482712
0.984038362474
0.984643324494
0.986721876637
0.988081190497
0.988469144528
0.987975048724
0.985306066113
0.98356991034
